-0.386465 -0.452479
-0.261701 -0.481902
-0.280843 -0.461547
-0.300446 -0.394698
-0.274994 -0.294536
-0.491244 -0.195353
-0.434408 -0.215884
-0.436968 -0.0713493
-0.314465 -0.107778
-0.285069 -0.043201
-0.362396 -0.157047
-0.275832 -0.194667
-0.254383 -0.23467
-0.228379 -0.207113
-0.183776 -0.20887
-0.183799 -0.170726
-0.206033 -0.177686
-0.205508 -0.00669158
-0.0751285 -0.17653
-0.0960058 -0.229469
-0.0241935 -0.262619
-0.0534454 -0.326538
-0.0983673 -0.31702
-0.192815 -0.369468
-0.148408 -0.352039
-0.137574 -0.454399
-0.136847 -0.469464
-0.112882 -0.424714
-0.0491861 -0.451562
0.0414285 -0.48833
0.101832 -0.487683
0.0949999 -0.393257
0.0308813 -0.281654
0.172731 -0.333717
0.275237 -0.423799
0.277897 -0.403796
0.338797 -0.434977
0.328942 -0.40533
0.450175 -0.494929
0.413997 -0.401043
0.321218 -0.357648
0.280208 -0.21019
0.384987 -0.0906943
0.328415 -0.0531394
0.159379 -0.136674
0.0449379 -0.112349
0.0840324 -0.115806
0.116565 -0.0821867
0.0792478 -0.080383
0.102119 -0.00292018
0.103038 -0.00733093
0.063579 0.0399807
0.0691383 0.0910623
0.032436 0.214455
0.131421 0.211145
0.238522 0.205203
0.205966 0.158938
 0.36231 0.0475462
0.387478 0.0568619
0.482366 0.0252311
 0.45879 0.235719
 0.34993 0.216204
0.311155 0.135426
0.321221 0.314865
0.409133 0.368347
0.433797  0.48312
0.397277  0.45768
 0.36961 0.477331
0.266064 0.486788
0.222558   0.3675
0.126514 0.362136
0.00867517 0.305025
0.0283268 0.337551
0.0492633 0.335745
0.0318562 0.415254
0.111798 0.478825
-0.0574841 0.452459
-0.0496777 0.414975
-0.0343246 0.416802
-0.248768 0.420352
-0.173252 0.314338
-0.232958 0.333549
-0.224338 0.250734
-0.176962 0.295543
-0.145874 0.297645
-0.0905456 0.300094
-0.0550686 0.261061
-0.00987359 0.213982
-0.0851881 0.0777512
-0.17883 0.0878112
-0.214722 0.0569499
-0.248628 0.142862
-0.368063 0.210602
-0.292156 0.0774214
-0.493948 0.000717761
-0.484214 0.149535
-0.264822 0.359656
-0.310149 0.446461
-0.299175 0.455291
-0.346707 0.461223
