-0.38646526 -0.45247943
-0.26170104 -0.48190159
-0.28084299 -0.46154697
-0.30044614 -0.39469752
-0.27499428 -0.29453639
-0.49124441 -0.19535332
-0.43440840 -0.21588440
-0.43696812 -0.07134933
-0.31446547 -0.10777794
-0.28506906 -0.04320102
-0.36239608 -0.15704651
-0.27583231 -0.19466720
-0.25438344 -0.23467041
-0.22837926 -0.20711335
-0.18377602 -0.20886985
-0.18379867 -0.17072635
-0.20603337 -0.17768640
-0.20550829 -0.00669158
-0.07512851 -0.17652991
-0.09600576 -0.22946898
-0.02419355 -0.26261859
-0.05344543 -0.32653802
-0.09836731 -0.31702031
-0.19281537 -0.36946767
-0.14840838 -0.35203891
-0.13757446 -0.45439931
-0.13684679 -0.46946369
-0.11288190 -0.42471449
-0.04918612 -0.45156231
0.04142846 -0.48833002
0.10183171 -0.48768343
0.09499991 -0.39325709
0.03088130 -0.28165444
0.17273068 -0.33371701
0.27523727 -0.42379907
0.27789738 -0.40379621
0.33879743 -0.43497720
0.32894168 -0.40533016
0.45017480 -0.49492932
0.41399732 -0.40104306
0.32121832 -0.35764781
0.28020830 -0.21019040
0.38498669 -0.09069435
0.32841499 -0.05313939
0.15937922 -0.13667400
0.04493792 -0.11234867
0.08403242 -0.11580567
0.11656528 -0.08218667
0.07924784 -0.08038301
0.10211892 -0.00292018
0.10303849 -0.00733093
0.06357897 0.03998065
0.06913831 0.09106225
0.03243604 0.21445496
0.13142135 0.21114496
0.23852172 0.20520314
0.20596566 0.15893837
0.36231035 0.04754623
0.38747801 0.05686190
0.48236621 0.02523111
0.45878989 0.23571872
0.34993018 0.21620400
0.31115490 0.13542625
0.32122085 0.31486495
0.40913343 0.36834700
0.43379747 0.48311953
0.39727738 0.45768002
0.36961018 0.47733050
0.26606432 0.48678825
0.22255818 0.36750040
0.12651374 0.36213577
0.00867517 0.30502459
0.02832681 0.33755081
0.04926334 0.33574504
0.03185625 0.41525354
0.11179787 0.47882486
-0.05748414 0.45245888
-0.04967767 0.41497489
-0.03432461 0.41680216
-0.24876834 0.42035203
-0.17325170 0.31433809
-0.23295846 0.33354885
-0.22433755 0.25073356
-0.17696199 0.29554307
-0.14587429 0.29764496
-0.09054559 0.30009393
-0.05506859 0.26106085
-0.00987359 0.21398172
-0.08518806 0.07775124
-0.17882995 0.08781124
-0.21472226 0.05694995
-0.24862787 0.14286214
-0.36806312 0.21060219
-0.29215585 0.07742138
-0.49394774 0.00071776
-0.48421438 0.14953479
-0.26482233 0.35965591
-0.31014916 0.44646068
-0.29917518 0.45529109
-0.34670676 0.46122325
